rowname,n,n.London.lag,n.nearest.city.lag,n.l.slag,year,London,dist
n,1,0.8739451888344836,0.876677779230149,0.9027481161396925,0.8761138176802967,-0.06194590041403602,0.05010794042894684
n.London.lag,0.8739451888344836,1,0.9725684239623387,0.9456955346084065,0.97874615993949865,2.1428750360643756e-14,2.8766712380602774e-14
n.nearest.city.lag,0.876677779230149,0.9725684239623387,1,0.9511667057125595,0.949314495611366,-0.10143550253452352,0.00820189164865685
n.l.slag,0.9027481161396925,0.9456955346084065,0.9511667057125595,1,0.9213865165189352,-0.056213667270895884,0.05507610349528776
year,0.8761138176802967,0.97874615993949865,0.949314495611366,0.9213865165189352,1,-4.373699032328077e-12,3.396682470762314e-13
London,-0.06194590041403602,2.1428750360643756e-14,-0.10143550253452352,-0.056213667270895884,-4.373699032328077e-12,1,0.379969101441095
dist,0.05010794042894684,2.8766712380602774e-14,0.00820189164865685,0.05507610349528776,3.396682470762314e-13,0.379969101441095,1
