rowname,n,n.London.lag,n.nearest.city.lag,n.l.slag,year,London,dist
n,1,0.8116227650619309,0.8035209029176537,0.8302464209154192,0.8017352734139188,-0.08603739908705389,0.00976269835826682
n.London.lag,0.8116227650619309,1,0.9392830095391187,0.9410209557970467,0.9521926585848849,-3.100876891299306e-15,4.4150132847496614e-15
n.nearest.city.lag,0.8035209029176537,0.9392830095391187,1,0.9252649015871733,0.8997602137000503,-0.09401262654985584,0.02146429233521671
n.l.slag,0.8302464209154192,0.9410209557970467,0.9252649015871733,1,0.8990501665783555,-0.07333088114616262,0.015068379749800756
year,0.8017352734139188,0.9521926585848849,0.8997602137000503,0.8990501665783555,1,-4.373699032328077e-12,3.396682470762314e-13
London,-0.08603739908705389,-3.100876891299306e-15,-0.09401262654985584,-0.07333088114616262,-4.373699032328077e-12,1,0.379969101441095
dist,0.00976269835826682,4.4150132847496614e-15,0.02146429233521671,0.015068379749800756,3.396682470762314e-13,0.379969101441095,1
